1 24748 50840
2 24758 51211
3 24827 51394
4 24904 51175
5 24996 51548
6 25010 51039
7 25030 51275
8 25067 51077
9 25100 51516
10 25103 51521
11 25121 51218
12 25150 51537
13 25158 51163
14 25162 51220
15 25167 51606
16 25168 51086
17 25173 51269
18 25210 51394
19 25211 51619
20 25214 50807
21 25214 51378
22 25223 51451
23 25224 51174
24 25233 51333
25 25234 51203
26 25235 51330
27 25235 51495
28 25242 51428
29 25243 51452
30 25252 51559
31 25253 51535
32 25253 51549
33 25256 51398
34 25263 51516
35 25265 51545
36 25266 50969
37 25266 51483
38 25270 51532
39 25270 51505
40 25270 51523
41 25275 51533
42 25277 51547
43 25278 51525
44 25278 51541
45 25279 51445
46 25281 51535
47 25281 51512
48 25283 51533
49 25283 51546
50 25284 51555
51 25286 51504
52 25286 51534
53 25286 51533
54 25287 51537
55 25288 51546
56 25290 51528
57 25291 51424
58 25292 51520
59 25298 51001
60 25300 51394
61 25306 51507
62 25311 51003
63 25313 50883
64 25315 51438
65 25316 50766
66 25320 51495
67 25322 51507
68 25325 51470
69 25326 51350
70 25337 51425
71 25339 51173
72 25340 51293
73 25341 51507
74 25358 51333
75 25363 51281
76 25368 51226
77 25374 51436
78 25377 51294
79 25396 51422
80 25400 51183
81 25400 51425
82 25404 51073
83 25416 51403
84 25416 51457
85 25419 50793
86 25429 50785
87 25433 51220
88 25440 51378
89 25444 50958
90 25451 50925
91 25459 51316
92 25469 51397
93 25478 51362
94 25480 50938
95 25483 51383
96 25490 51373
97 25492 51400
98 25495 50846
99 25495 50965
100 25497 51485
101 25500 50980
102 25510 51242
103 25531 51304
104 25533 50977
105 25538 51408
106 25545 51387
107 25549 51431
108 25550 51433
109 25560 51158
110 25566 51484
111 25567 50958
112 25574 51486
113 25585 51151
114 25609 51092
115 25610 51475
116 25622 51454
117 25645 51450
118 25650 51372
119 25666 51174
120 25683 51505
121 25686 51468
122 25696 51260
123 25700 51584
124 25708 51591
125 25716 51050
126 25717 51057
127 25723 51004
128 25734 51547
129 25751 51449
130 25751 50920
131 25758 51395
132 25765 51019
133 25772 51483
134 25775 51023
135 25779 51449
136 25793 51409
137 25808 51060
138 25816 51133
139 25823 51152
140 25826 51043
141 25829 51245
142 25833 51072
143 25839 51465
144 25847 51205
145 25850 51033
146 25856 51083
147 25857 51298
148 25857 51441
149 25866 51066
150 25867 51205
151 25871 51354
152 25872 51258
153 25880 51221
154 25883 51185
155 25888 51386
156 25900 51000
157 25904 51201
158 25928 51337
159 25937 51313
160 25944 51456
161 25950 51066
162 25951 51349
163 25957 51075
164 25958 51099
165 25966 51283
166 25983 51400
167 25983 51328
168 26000 51294
169 26008 51083
170 26016 51333
171 26021 51366
172 26033 51116
173 26033 51166
174 26033 51163
175 26033 51200
176 26048 51056
177 26050 51250
178 26050 51297
179 26050 51135
180 26055 51316
181 26067 51258
182 26074 51083
183 26076 51166
184 26077 51222
185 26078 51361
186 26083 51147
187 26099 51161
188 26108 51244
189 26116 51216
190 26123 51169
191 26123 51222
192 26133 51216
193 26133 51300
194 26150 51108
